4294967279,148
4294967278,148
4294967279,147
4294967294,127
4294967294,14
4294967294,126
4294967293,131
4294967293,130
4294967293,129
4294967293,128
4294967293,127
4294967293,126
4294967293,125
4294967293,124
4294967293,123
4294967293,122
4294967293,121
4294967293,120
4294967293,119
4294967293,118
4294967293,117
4294967293,116
4294967293,115
4294967293,114
4294967293,113
4294967293,112
4294967293,111
4294967293,110
4294967293,109
4294967293,108
4294967293,107
4294967293,106
4294967293,105
4294967293,104
4294967293,103
4294967293,102
4294967293,101
4294967293,100
4294967293,99
4294967293,98
4294967293,97
4294967293,96
4294967293,95
4294967293,94
4294967293,93
4294967293,92
4294967293,91
4294967293,90
4294967293,89
4294967293,87
4294967293,86
4294967293,85
4294967293,84
4294967293,83
4294967293,82
4294967293,81
4294967293,80
4294967293,79
4294967293,78
4294967293,77
4294967293,76
4294967293,75
4294967293,74
4294967293,73
4294967293,72
4294967293,71
4294967293,70
4294967293,69
4294967293,68
4294967293,67
4294967293,66
4294967293,65
4294967293,64
4294967293,63
4294967293,62
4294967293,61
4294967293,60
4294967293,59
4294967293,58
4294967293,57
4294967293,56
4294967293,55
4294967293,54
4294967293,53
4294967293,52
4294967293,51
4294967293,50
4294967293,49
4294967293,48
4294967293,47
4294967293,46
4294967293,45
4294967293,44
4294967293,43
4294967293,42
4294967293,41
4294967293,40
4294967293,39
4294967293,38
4294967293,37
4294967293,36
4294967293,35
4294967293,34
4294967293,33
4294967293,32
4294967293,31
4294967293,30
4294967293,29
4294967293,28
4294967293,27
4294967293,26
4294967293,25
4294967293,24
4294967293,23
4294967293,22
4294967293,21
4294967293,20
4294967293,19
4294967293,18
4294967293,17
4294967293,16
4294967293,15
4294967293,14
4294967293,13
4294967293,12
4294967293,11
4294967293,10
4294967293,9
4294967293,8
4294967293,7
4294967293,6
4294967293,5
4294967293,4
4294967293,3
4294967279,68
4294967279,67
4294967279,66
4294967279,65
4294967279,64
4294967279,63
4294967279,62
4294967279,61
4294967279,60
4294967279,59
4294967279,58
4294967279,57
4294967279,56
4294967279,55
4294967279,54
4294967279,53
4294967279,52
4294967279,51
4294967279,50
4294967279,49
4294967279,48
4294967279,47
4294967279,46
4294967279,45
4294967279,44
4294967279,43
4294967279,42
4294967279,41
4294967279,40
4294967279,39
4294967279,38
4294967279,37
4294967279,36
4294967279,35
4294967279,33
4294967279,32
4294967279,146
4294967278,348
4294967279,34
4294967279,288
4294967278,145
4294967279,142
4294967278,144
4294967278,293
4294967279,287
4294967278,143
25,6
4294967278,140
4294967279,141
4294967279,286
4294967278,291
4294967279,140
25,5
4294967278,139
4294967279,138
4294967278,138
25,4
4294967279,272
25,3
25,2
25,1
4294967279,285
4294967278,277
4294967279,136
4294967278,136
4294967279,133
4294967278,135
4294967279,534
4294967279,283
4294967278,134
24,5
4294967279,268
4294967279,270
24,4
4294967278,288
24,3
24,2
24,1
4294967278,275
4294967279,282
4294967278,287
4294967278,286
4294967278,272
4294967279,278
4294967278,270
23,4
4294967279,265
23,3
23,2
23,1
4294967279,533
4294967278,269
4294967294,948
4294967294,414
4294967294,415
4294967279,264
4294967278,347
4294967278,346
4294967294,182
4294967294,163
4294967294,914
4294967279,276
4294967278,282
4294967278,266
4294967279,275
4294967279,102
4294967279,101
4294967279,100
4294967279,99
4294967279,98
4294967279,97
4294967279,96
4294967279,95
4294967279,94
4294967279,93
4294967279,92
4294967279,91
4294967279,90
4294967279,89
4294967279,87
4294967279,86
4294967279,85
4294967279,84
4294967279,83
4294967279,82
4294967279,81
4294967279,80
4294967279,79
4294967279,78
4294967279,77
4294967279,76
4294967279,75
4294967279,74
4294967279,73
4294967279,72
4294967279,71
4294967279,70
4294967279,69
4294967278,345
4294967278,174
4294967279,257
4294967278,261
4294967279,256
4294967278,279
4294967278,344
4294967279,255
22,6
4294967279,532
4294967278,278
4294967278,259
4294967279,531
4294967279,530
4294967278,258
22,5
4294967279,529
4294967278,343
4294967279,528
22,4
4294967278,342
22,3
22,2
22,1
4294967278,341
4294967279,527
4294967278,340
4294967279,526
4294967278,339
4294967279,525
4294967279,524
4294967278,255
4294967278,338
4294967279,523
21,5
4294967278,254
4294967279,522
4294967278,337
21,4
4294967279,250
21,3
